   22.0000    1.0000
   22.2500    0.9983
   22.5000    0.9973
   22.7500    0.9967
   23.0000    0.9966
   23.2500    0.9968
   23.5000    0.9971
   23.7500    0.9977
   24.0000    0.9988
   24.2500    0.9998
   24.5000    1.0009
   24.7500    1.0019
   25.0000    1.0027
   25.2500    1.0036
   25.5000    1.0046
   25.7500    1.0055
   26.0000    1.0065
   26.2500    1.0086
   26.5000    1.0109
   26.7500    1.0136
   27.0000    1.0165
   27.2500    1.0201
   27.5000    1.0243
   27.7500    1.0288
   28.0000    1.0337
   28.2500    1.0384
   28.5000    1.0428
   28.7500    1.0469
   29.0000    1.0507
   29.2500    1.0543
   29.5000    1.0578
   29.7500    1.0613
   30.0000    1.0646
   30.2500    1.0679
   30.5000    1.0712
   30.7500    1.0744
   31.0000    1.0777
   31.2500    1.0809
   31.5000    1.0839
   31.7500    1.0869
   32.0000    1.0897
   32.2500    1.0926
   32.5000    1.0954
   32.7500    1.0981
   33.0000    1.1007
   33.2500    1.1032
   33.5000    1.1056
   33.7500    1.1078
   34.0000    1.1098
   34.2500    1.1117
   34.5000    1.1136
   34.7500    1.1153
   35.0000    1.1169
   35.2500    1.1187
   35.5000    1.1206
   35.7500    1.1227
   36.0000    1.1249
   36.2500    1.1272
   36.5000    1.1297
   36.7500    1.1323
   37.0000    1.1350
   37.2500    1.1379
   37.5000    1.1409
   37.7500    1.1440
   38.0000    1.1472
   38.2500    1.1504
   38.5000    1.1536
   38.7500    1.1567
   39.0000    1.1599
   39.2500    1.1630
   39.5000    1.1660
   39.7500    1.1690
   40.0000    1.1719
   40.2500    1.1748
   40.5000    1.1778
   40.7500    1.1807
   41.0000    1.1836
   41.2500    1.1865
   41.5000    1.1894
   41.7500    1.1924
   42.0000    1.1953
   42.2500    1.1983
   42.5000    1.2013
   42.7500    1.2044
   43.0000    1.2074
   43.2500    1.2103
   43.5000    1.2132
   43.7500    1.2161
   44.0000    1.2189
   44.2500    1.2216
   44.5000    1.2242
   44.7500    1.2266
   45.0000    1.2290
   45.2500    1.2313
   45.5000    1.2337
   45.7500    1.2360
   46.0000    1.2383
   46.2500    1.2406
   46.5000    1.2429
   46.7500    1.2452
   47.0000    1.2475
   47.2500    1.2497
   47.5000    1.2518
   47.7500    1.2538
   48.0000    1.2557
   48.2500    1.2573
   48.5000    1.2589
   48.7500    1.2602
   49.0000    1.2614
   49.2500    1.2625
   49.5000    1.2635
   49.7500    1.2644
   50.0000    1.2652
   50.2500    1.2660
   50.5000    1.2666
   50.7500    1.2673
   51.0000    1.2678
   51.2500    1.2682
   51.5000    1.2685
   51.7500    1.2687
   52.0000    1.2687
   52.2500    1.2686
   52.5000    1.2683
   52.7500    1.2678
   53.0000    1.2671
   53.2500    1.2663
   53.5000    1.2654
   53.7500    1.2644
   54.0000    1.2632
   54.2500    1.2620
   54.5000    1.2607
   54.7500    1.2594
   55.0000    1.2580
   55.2500    1.2565
   55.5000    1.2549
   55.7500    1.2532
   56.0000    1.2514
   56.2500    1.2495
   56.5000    1.2474
   56.7500    1.2453
   57.0000    1.2430
   57.2500    1.2405
   57.5000    1.2378
   57.7500    1.2349
   58.0000    1.2319
   58.2500    1.2288
   58.5000    1.2255
   58.7500    1.2222
   59.0000    1.2188
   59.2500    1.2154
   59.5000    1.2120
   59.7500    1.2086
   60.0000    1.2051
   60.2500    1.2016
   60.5000    1.1981
   60.7500    1.1945
   61.0000    1.1908
   61.2500    1.1870
   61.5000    1.1830
   61.7500    1.1790
   62.0000    1.1749
   62.2500    1.1706
   62.5000    1.1663
   62.7500    1.1619
   63.0000    1.1575
   63.2500    1.1531
   63.5000    1.1489
   63.7500    1.1447
   64.0000    1.1407
   64.2500    1.1367
   64.5000    1.1328
   64.7500    1.1290
   65.0000    1.1252
   65.2500    1.1214
   65.5000    1.1176
   65.7500    1.1138
   66.0000    1.1100
   66.2500    1.1062
   66.5000    1.1024
   66.7500    1.0986
   67.0000    1.0949
   67.2500    1.0911
   67.5000    1.0874
   67.7500    1.0837
   68.0000    1.0800
   68.2500    1.0765
   68.5000    1.0730
   68.7500    1.0696
   69.0000    1.0663
   69.2500    1.0630
   69.5000    1.0597
   69.7500    1.0564
   70.0000    1.0531
   70.2500    1.0497
   70.5000    1.0462
   70.7500    1.0427
   71.0000    1.0391
   71.2500    1.0355
   71.5000    1.0318
   71.7500    1.0281
   72.0000    1.0244
   72.2500    1.0208
   72.5000    1.0172
   72.7500    1.0136
   73.0000    1.0101
   73.2500    1.0067
   73.5000    1.0034
   73.7500    1.0002
   74.0000    0.9971
   74.2500    0.9940
   74.5000    0.9910
   74.7500    0.9879
   75.0000    0.9849
   75.2500    0.9817
   75.5000    0.9786
   75.7500    0.9754
   76.0000    0.9720
   76.2500    0.9687
   76.5000    0.9654
   76.7500    0.9621
   77.0000    0.9587
   77.2500    0.9553
   77.5000    0.9517
   77.7500    0.9481
   78.0000    0.9444
   78.2500    0.9407
   78.5000    0.9369
   78.7500    0.9332
   79.0000    0.9294
   79.2500    0.9257
   79.5000    0.9219
   79.7500    0.9182
   80.0000    0.9145
   80.2500    0.9107
   80.5000    0.9068
   80.7500    0.9029
   81.0000    0.8989
   81.2500    0.8948
   81.5000    0.8907
   81.7500    0.8865
   82.0000    0.8823
   82.2500    0.8780
   82.5000    0.8737
   82.7500    0.8694
   83.0000    0.8651
   83.2500    0.8610
   83.5000    0.8571
   83.7500    0.8536
   84.0000    0.8503
   84.2500    0.8471
   84.5000    0.8440
   84.7500    0.8410
   85.0000    0.8381
   85.2500    0.8353
   85.5000    0.8325
   85.7500    0.8298
   86.0000    0.8271
   86.2500    0.8245
   86.5000    0.8220
   86.7500    0.8195
   87.0000    0.8170
   87.2500    0.8146
   87.5000    0.8121
   87.7500    0.8097









































































