  0.999113097772102     
  0.999076802897419     
  0.999040409425312     
  0.999034405651268     
  0.999043646352630     
  0.999047822721903     
  0.999052011926302     
  0.999035807753330     
  0.998999131900117     
  0.998952124886267     
  0.998884505370237     
  0.998826910368780     
  0.998753731113641     
  0.998680284894140     
  0.998606554848264     
  0.998522225826549     
  0.998427218910501     
  0.998321445725884     
  0.998194460252258     
  0.998061623778797     
  0.997912458262147     
  0.997746774974111     
  0.997574790336713     
  0.997401592504875     
  0.997216601843018     
  0.997003831941254     
  0.996768121978352     
  0.996519623399979     
  0.996268617105975     
  0.995977602437946     
  0.995661802464909     
  0.995299060349320     
  0.994899005710954     
  0.994449659003977     
  0.993949478967756     
  0.993385698837969     
  0.992755945539740     
  0.992057440235995     
  0.991309372861006     
  0.990491768021778     
  0.989589106845934     
  0.988607689953634     
  0.987442615673952     
  0.986099938484834     
  0.984602372926089     
  0.982917750552858     
  0.981164351722727     
  0.979431978977158     
  0.977787523863578     
  0.976161578850162     
  0.974315832150821     
  0.972196214690441     
  0.969895848195178     
  0.967431597528685     
  0.964693002463279     
  0.961572410314608     
  0.958004130741239     
  0.953955923619191     
  0.949374921528886
  0.930000000000000     
  0.0     
